27701
 25606
 39509
 39612
 43561
 43067
 8330
 601
 39297
 29925
 35570
 20391
 9060
 22932
 29678
 13994
 43331
 3815
 15086
 10342
 14590
 31951
 12026
 32112
 17726
 5238
 29510
 11538
 2351
 41198
 44836
 10059
 43487
 35873
 12643
 4542
 18916
 37956
 16071
 18976
 17185
 33298
 39818
 24749
 39266
 24497
 32462
 4073
 44651
 16285
 5752
 26730
 48675
 45614
 9605
 15652
 26187
 47398
 638
 2629
 13421
 14894
 37559
 6630
 37880
 49337
 23172
 25549
 17729
 15123
 5783
 41207
 38366
 37328
 28824
 26790
 37932
 11088
 36903
 8919
 36071
 3439
 13958
 43673
 12144
 8074
 22634
 16345
 32333
 35124
 131
 28017
 10603
 7045
 44201
 5190
 37608
 21314
 22143
 40909
 30679
 27979
 2965
 15404
 19251
 15403
 10668
 15773
 25432
 18163
 46805
 30588
 12224
 48467
 10167
 25677
 49944
 46944
 17331
 27839
 32118
 34056
 1385
 31578
 3707
 48401
 25424
 32011
 9728
 29221
 16901
 24395
 38466
 23890
 37992
 37603
 11559
 12264
 48391
 28925
 16044
 40312
 28482
 43512
 46320
 43416
 13932
 44489
 44193
 8708
 47580
 3743
 22645
 47222
 11636
 12534
 38802
 2533
 26433
 19792
 29064
 10048
 48862
 17580
 49394
 12231
 12916
 46270
 19487
 39888
 17717
 40806
 40328
 32657
 22106
 3946
 24656
 5515
 15111
 36012
 25026
 9663
 6262
 35363
 13594
 30317
 31259
 5606
 38080
 36601
 8155
 25256
 38891
 33197
 44261
 30531
 7065
 20159
 4820
 45005