8197
7030
4370
7078
4791
2655
5011
4196
9088
986
8093
8474
5971
3759
1314
8640
737
4466
683
3791
6283
1607
6281
8762
3771
6732
5928
6111
6069
1110
545
7203
1339
879
5700
7039
8998
2368
4158
4447
8146
3313
7134
2878
3631
8202
3220
4519
7146
9773
5296
2168
6220
8668
703
1492
3113
2661
5884
2824
6684
453
6983
4575
6488
8043
4527
3415
5603
5974
1494
5179
7885
3774
4017
9223
6952
647
6529
9972
8272
9675
926
9435
1284
2698
2100
6538
9870
7705
927
7480
3755
2515
4875
811
5256
6682
9600
7507
5387
3741
9730
7384
884
5894
9023
3060
6257
5566
1968
2284
9921
3594
9500
613
5710
4298
2145
1337
6555
7145
7702
1352
8044
3516
5960
9177
7150
8319
5740
9368
1637
6216
4004
3460
5235
5407
6540
8354
6446
427
8169
2746
4024
5524
120
9009
5397
9137
1597
7821
148
5447
7296
5532
7719
1891
9581
1097
3883
8686
6003
9359
355
936
705
8769
3309
3820
3106
9520
6041
2045
8403
6155
9660
4804
3638
5982
3092
3805
9622
1870
7324
6295
6802
2341
9804
5292
5259
8582
9670
3077
1954
9398
8968
6479
8805
7858
6259
4279
2828
9522
4653
8437
6573
6898
8695
5001
4395
628
4807
8890
3029
7334
6492
4537
393
9326
8740
7616
3736
6000
2669
6800
4233
626
5554
7830
8117
8191
8422
603
7242
8490
6027
5012
3224
3652
6106
1218
8433
4734
5326
295
7105
1879
7202
9099
4253
2841
9073
1620
8837
6471
9393
1212
848
9514
6905
3301
9082
2616
7024
4432
6098
507
3157
8579
3581
2219
9338
1885
6928
3994
3550
7155
8835
1561
4429
3590
5105
1837
9087
9849
1864
9002
1917
3778
7784
2255
6511
1848
2505
6340
7299
3757
8504
7794
9653
4208
7376
8389
3493
7972
3823
5940
3618
8915
6022
3371
6709
2210
1423
8901
4780
2851
4671
5984
1372
1303
1747
7079
3027
463
4622
6626
1764
1453
9753
2410
5408
9315
4415
733
8672
681
8025
6435
5521
828
1721
4322
1901
9651
1582
6767
8387
6284
7015
3439
845
7912
6577
2953
7843
8526
1981
6547
7765
3418
4975
8067
2086
2336
4892
3154
371
6752
4505
2647
2175
8294
8045
9780
3543
2812
6084
2529
7692
5696
6309
2823
1295
335
9410
4802
1862
6005
6592
4860
1473
298
9198
3417
677
3156
3421
3454
8779
1283
282
6922
4185
2739
1080
245
5131
1603
8559
6414
2498
4506
1481
4856
3117
2849
5453
6871
7061
1386
4172
5979
6115
5646
3542
9802
2770
7941
2866
2458
8905
2914
8957
1411
9649
1872
6368
7173
9059
2613
7583
9594
5812
4176
4349
1493
7562
8251
9956
7659
7438
593
7246
5323
6329
1642
8937
2530
9196
2607
9256
6303
8520
1828
4972
1822
670
4244
8035
9965
4607
6164
9502
8058
4520
4224
3241
1993
4927
3008
842
9627
8758
5941
9874
6138
601
8870
4458
1673
8449
7094
4263
8841
2121
5126
5221
3429
2395
1842
5559
9683
1334
9202
582
3344
273
8511
4389
5072
5492
7350
7658
7406
9035
6562
9655
1890
1440
2514
5068
1461
3031
6409
8116
9705
3054
5584
268
3866
200
5359
5937
336
6873
9356
3824
5631
4089
2988
6620
3381
5069
9330
4400
2501
4583
283
7829
3373
8913
8614
8125
8002
4938
9308
7458
625
1474
7505
4330
2055
9832
3458
3135
6797
9570
1167
5080
3664
9554
1132
5673
7803
1112
1406
6818
8568
7530
327
9392
9215
5996
1534
8580
7159
9647
4932
4091
4469
357
1596
6001
2771
5888
6509
7688
7766
2985
1030
7903
6273
304
9763
5393
6059
5896
7430
3766
7454
5676
3991
397
8924
9333
7103
2481
348
7201
6644
2526
8671
4517
8853
9014
4911
9186
2449
9077
8237
7452
1061
536
7892
6744
4497
9299
1772
7153
7684
7059
4951
6298
3838
8196
2639
1451
3122
420
2621
4984
7544
7992
5426
2043
4093
6912
2322
2148
651
9026
9183
9724
855
1807
1961
2109
8414
8489
1990
8218
749
4103
4401
2671
6613
9843
8697
9461
3784
1280
7581
1925
854
4669
116
3925
1987
5189
9313
4488
6030
8005
5320
9957
5485
830
4723
3951
4966
8882
4880
8402
221
6968
9373
4847
7504
4405
2626
8132
8555
9218
2893
2273
2983
439
9451
5745
9324
5067
7069
1165
2738
9195
5339
1189
9081
9264
3240
9063
2434
8204
6323
3514
8210
4549
8558
6870
4886
9645
5327
6937
2283
5691
9643
6571
9940
9227
7908
4642
602
5887
8287
2207
6627
7808
4924
6545
446
2972
2019
1377
8432
8630
9347
1347
6987
5734
1685
4246
6089
5220
8634
2862
3083
4789
2190
2806
9416
5778
6267
9963
607
2664
7394
8034
5273
4543
4981
6807
9803
4683
2950
8157
5317
793
882
8229
5588
1660
8549
2635
2135
732
8163
2656
2648
7776
147
7486
1787
5558
788
9863
3644
2294
4794
6372
6554
9816
6369
6419
5653
6104
9318
3492
3837
3569
3258
511
3076
8225
1641
5300
4937
3377
3186
6009
3182
781
2212
4334
1336
8131
5274
6325
3133
5934
5342
7623
7882
9300
1229
910
5450
122
2271
5527
9411
2791
3449
3500
1398
5726
9516
6338
5907
9549
6361
4368
3794
7785
1266
9045
2915
4423
7531
542
9553
1574
2081
3204
6618
9325
468
9910
3365
2202
2996
4480
4071
3660
1815
1399
3723
6224
8782
4934
8705
8349
7092
2618
903
3974
6824
2346
2126
2699
1321
7487
9783
1345
8461
1385
1305
4869
8330
4859
9375
6119
1263
8657
6448
1729
2994
5382
3262
7994
5065
8845
1316
2981
407
7488
9752
9984
7653
5331
4719
8887
1846
6211
8754
6402
8538
3336
5925
1288
2685
8405
5692
2172
350
8442
8796
3825
3109
3221
1647
9623
9504
2510
8003
8599
1430
6063
2239
4626
616
2227
8734
7971
1297
4049
6384
4716
5042
6512
176
4762
2576
6921
5008
4090
9507
7056
9167
1800
3768
1172
2022
7464
9100
925
7029
3137
1161
3236
8492
7088
9293
7932
2911
4771
9070
4897
1463
8377
9430
9329
2856
2001
592
6189
8868
7643
5545
4211
5668
8030
1945
9409
8516
3275
9609
5593
3179
7744
5739
6319
7457
4834
8084
4097
183
7935
244
7049
4206
423
3059
7010
5419
9173
5732
1633
627
9584
4701
2189
249
1142
8295
5656
4485
7096
2715
6464
290
9136
4693
5246
2366
6899
4912
3787
7835
3295
4053
2404
7521
7435
1467
2991
2703
3540
3413
4757
5299
7388
8104
1910
4006
8469
358
3738
3208
6342
8949
8799
2427
2384
9460
6351
7572
9491
6631
2295
2733
4870
5943
6861
2215
3850
3878
3167
5171
9795
9144
8801
7577
919
1598
1093
8703
8519
2881
5965
8398
7332
3600
4568
352
6276
3842
1957
5099
3393
701
3949
9700
2456
1087
7311
2725
614
4879
9536
8847
9499
8156
916
9015
4601
3129
5826
9726
4372
3001
5698
6142
9630
4240
4181
2820
8261
450
4327
5026
5957
2502
4307
6086
1259
4745
5662
3874
1536
8693
5497
1748
2302
2863
6017
6432
460
3846
5162
4402
1687
7867
10000
4844
5605
6924
2650
640
750
2899
1205
5621
3845
7252
8186
2718
2869
1226
6935
7192
1486
2926
3281
5714
3819
1904
4605
2589
4087
3510
2559
7165
7965
5081
1655
2477
2179
5614
8255
5780
4964
6350
7131
5444
9851
2057
516
1761
699
3259
8966
391
3351
9225
6228
7287
9185
6247
9526
4747
2965
6766
3126
9431
3211
959
6141
8385
4925
3659
2782
9065
3972
6010
7130
8849
1224
2430
4553
6608
7090
5186
3465
8885
7940
5412
8141
4865
7612
5194
9869
1472
2291
8503
7167
1708
6822
3790
4366
6788
3682
5121
2000
4421
5760
5609
1613
6064
7796
2877
8965
6836
7237
8415
2561
4373
9834
5983
123
2325
1376
8626
5247
2780
5807
7734
6517
9426
4209
6443
938
8207
1986
8100
6191
8262
3671
4436
883
5870
8850
8910
5043
126
2627
3924
8824
9204
1109
4914
7926
8812
3065
1459
1090
2727
3969
3673
3562
5059
7308
3420
8338
6177
3261
678
3803
8013
8303
2912
1868
3750
6253
5133
6156
498
3871
6312
2048
6565
5893
872
490
4539
1980
6501
7735
3517
3136
9842
1743
8605
865
950
9355
8899
4123
5952
5106
9811
6354
5529
6728
8421
1515
4970
8293
2130
5322
4512
6875
4814
454
5498
5167
3183
8786
4563
4936
7989
644
714
6480
6628
8836
7128
6497
1476
2382
1175
7520
7931
8862
5853
3075
8314
7117
8009
5638
8278
4353
5486
5287
4066
988
8150
1871
2998
5742
7309
6640
6147
2741
2469
3408
5060
2403
2591
2178
9455
5297
2982
2978
1886
6575
7576
6749
8394
2039
5202
1741
9085
9190
1716
4104
3943
5074
7597
4810
113
3148
7436
3724
5351
1490
5237
9273
6195
9701
8723
9041
9105
9583
6519
2157
1832
3522
6036
7712
4756
7174
6863
6996
7410
9993
1121
6004
167
431
2961
6654
9707
8508
7333
7137
6949
218
8973
9160
7953
1778
8802
9862
1424
9150
3035
5429
447
2776
6541
7849
742
4184
8537
9967
9269
8620
6990
8639
4547
7274
4611
9598
2997
2999
3353
2407
7805
5311
657
821
4222
7541
3602
4386
4486
1896
6768
4703
2360
5374
1483
2258
4160
2016
8616
7580
8979
4632
3777
7383
7626
8666
4752
4043
4188
2539
7043
3975
7357
6285
5799
2810
5372
8638
9578
6719
5518
5801
6460
426
717
3139
7985
5694
1887
9012
1418
2254
1222
152
4644
3087
3932
9440
2249
6265
7025
6703
5950
1274
4670
8342
8184
3586
8856
3545
4478
5678
5440
7578
4254
1740
4841
9421
6002
8700
5390
6042
652
1806
7691
7183
7617
3088
9047
9469
3933
7209
7256
2868
2809
8716
1120
7045
8418
2328
3913
4919
8539
2716
4618
8209
6831
5446
594
4079
1995
5905
4434
3551
165
1809
7001
349
3821
9782
1371
2508
9919
3940
9824
5314
9384
6966
8685
6605
2315
3350
1937
3747
7340
4086
9678
1191
2042
2797
8646
4654
1287
8902
2492
478
2605
3430
5832
9415
3320
2025
2579
1013
414
3254
3346
6961
9025
2677
7176
1678
9513
1182
1370
5465
3116
2265
3689
2722
6670
9519
933
7898
8356
8771
7956
9254
4270
3374
7826
9133
2571
4195
2637
4451
1814
7678
898
1438
4313
384
4994
527
186
278
3961
3363
8718
9143
9129
9165
2174
150
6255
4316
4989
4394
8814
8659
9798
6558
8333
1468
8183
5009
6820
8127
1690
6234
6474
1811
2211
5430
8208
6413
2672
1919
1651
1141
6811
9478
4145
8985
6805
489
1775
7283
2897
4045
7356
6611
4904
6500
160
1790
4546
4770
1379
5365
5037
514
1505
1330
7171
6762
1220
9926
1111
6180
6242
9708
9261
8977
3278
5798
6076
238
7197
8944
632
6678
9631
3068
949
7077
323
2609
4470
6583
4647
3669
4288
7818
6817
975
2111
3063
8722
2007
7337
1914
4903
1137
8904
7207
4790
3248
9564
7414
8704
2690
5994
7306
3915
380
2426
2298
8561
9702
4785
8557
1921
9580
970
1949
8534
3414
1803
4581
9295
4797
1821
8680
5796
7278
8995
6060
6568
1970
1001
6892
1038
1658
4742
9241
1081
8250
1538
8545
5400
9907
8961
523
6735
6726
7361
9444
2752
2843
2471
7101
9652
2204
2732
8629
1734
3601
1742
201
2608
8764
8049
3624
322
2710
2409
1666
5422
5848
6151
5333
9555
3557
4646
4113
8746
9860
1618
5637
6389
9159
1838
2562
6278
8038
2714
7423
3549
1364
6812
7984
4567
8943
486
9033
161
3696
4661
5417
5136
3666
2310
3341
7561
1420
9952
8649
2154
3703
7737
1320
6070
4613
339
3055
8073
1854
7116
1752
8838
3710
5534
5243
2005
139
2542
8633
5701
2636
7809
4731
8307
5017
4962
3525
5395
1760
9470
2654
4161
6087
2151
1905
326
6221
9001
4817
8888
5582
5781
8123
7838
9689
5157
1290
6100
508
4404
4933
2503
9539
9022
4833
188
8051
4388
7380
5712
9865
2894
8647
943
2349
8404
6507
5595
7316
8585
4092
9517
3315
7793
3201
1414
8821
9891
2597
477
3512
5548
8589
4186
5210
9715
8525
9266
7890
9731
1148
3725
1719
981
232
8395
7351
9060
9345
6585
6561
5049
5978
7441
945
8509
9848
6406
679
8615
8109
2248
6524
8873
7981
8636
8571
7076
7693
7054
3497
9866
7543
1092
549
8206
270
8607
1053
2939
4058
343
8597
7135
2892
6930
3927
7786
4276
5434
8574
7836
6747
9810
5459
7244
8081
1509
9205
4650
3304
7214
1210
1695
556
8114
2188
6612
8778
5174
1096
8332
7236
3528
9011
1279
7273
274
8200
2695
3717
9914
9671
7780
3881
8482
6203
211
5383
9078
3370
6125
8047
7761
2097
8556
115
8000
4935
7215
3849
408
3397
2040
6441
5491
3174
6790
5902
9911
310
9950
5148
6293
590
8744
8631
3506
2827
7789
8031
835
3399
7484
6773
8022
9592
3612
4022
3840
4418
1103
2787
7191
5255
6398
3907
6543
6816
1559
6287
5515
6666
6717
7511
1784
4695
2115
8337
7599
9787
4342
7225
7939
763
5047
9958
6248
9230
4453
4974
5999
2420
1992
5904
3464
3537
3829
1140
3316
7158
8435
5103
3661
773
7412
5487
2229
6249
6901
8016
7338
5336
1395
4615
5640
435
5134
9611
2574
1852
2152
4346
635
1894
3524
702
4950
6301
4398
9532
1816
3042
1035
7594
8981
8409
3770
6244
3270
5212
5294
196
4023
6447
1622
2317
2891
7004
581
6294
7554
5684
8162
1988
9610
9856
7506
7400
7051
9132
9917
2065
8578
8540
9091
2520
8760
2161
3422
3607
8036
4657
2358
3576
7743
1432
2334
8243
9422
6503
8747
8195
2101
8374
8710
2989
7142
619
9557
9562
676
197
3040
9992
4426
381
8970
608
1577
630
6780
5687
6808
3097
7129
1319
9597
5379
1710
7700
5750
1844
8833
649
5993
7018
5578
4587
1843
3995
1069
5334
7748
8846
7977
7508
7946
5537
691
2290
3936
3150
2142
8061
7220
6716
7091
2740
7534
3395
726
8468
136
3121
2531
9465
7307
9807
5085
5738
500
479
558
5188
8216
7042
513
7462
4459
2087
3459
8007
7000
9379
3565
8190
2473
777
5920
543
612
4156
1350
4339
4645
3507
4264
4238
3649
5303
1882
444
8757
5155
6034
9720
3335
1573
9224
5014
4482
2845
2537
4675
7482
2318
9276
5677
7842
2071
6753
4578
9111
2074
7970
1475
9850
5035
4302
9644
3634
792
9915
8643
9905
1782
1249
2282
8086
761
9125
3745
1040
8500
2789
3002
8953
1978
2406
344
3280
5117
6200
709
385
3853
8576
2793
6535
2182
390
7227
9551
5040
6702
2633
5569
7595
4441
906
8427
6016
3424
6475
1906
5574
1556
6722
8083
3444
4115
2079
2279
3919
7724
4231
1765
1850
8586
8726
9742
3343
7352
3235
8969
6109
2033
5525
4214
2580
7397
9744
5666
3899
191
3234
4682
7445
2706
6133
2348
1485
5968
7973
659
9257
9616
9489
8804
546
9797