7270
7685
3888
1915
316
5181
918
4885
2328
7086
4692
360
1084
1254
7780
5564
5290
417
1023
706
6394
8389
2584
630
972
4690
1177
6669
9413
8524
2190
7477
1272
5031
5533
6807
9814
1787
961
5333
6587
634
3863
151
6768
7918
4240
227
8175
4059
6973
2859
5077
9227
1717
4371
7836
8655
2642
6643
6989
3181
9533
870
673
4000
9985
5075
3343
9974
1320
4854
208
1809
7929
3545
6171
3987
2626
691
7734
4143
5491
9367
803
8481
2679
5067
4659
6788
5226
1270
5035
9104
3646
538
6136
5643
1966
4125
4127
4466
685
8952
3682
8022
4904
1085
1567
4720
913
6013
393
9262
1464
955
7786
9936
9622
8757
5493
2230
3336
4007
8105
5294
8335
9098
9404
2855
8869
6852
5942
8413
374
3581
8057
4839
2738
5522
6722
5960
5567
1325
1950
4949
7470
3654
359
5458
1993
5892
9537
8182
9511
1662
7094
3009
2959
2207
5243
2631
7820
2300
769
8604
352
5341
1463
211
1212
6966
6858
3738
5251
2698
3056
225
6934
7319
5669
3300
8677
7930
4483
2406
8464
9091
2936
8154
524
9076
6205
4353
4049
5814
9266
8595
9586
9591
9149
2933
7130
4033
6968
9043
2670
129
9042
2722
1171
3197
9664
5972
370
1974
6932
8965
3610
7345
1041
1676
8517
1667
2689
1319
7007
5616
7402
5292
5097
8769
6564
2426
1914
1146
7117
3891
6486
2032
3599
6325
3111
6051
5455
8354
2736
911
7090
787
8153
3196
1160
3944
641
6983
9505
8290
8450
7890
9194
6863
3723
3628
7292
1772
3519
8360
5350
4931
4068
7460
8667
7953
3875
7925
3896
1801
7655
5130
6530
7016
2700
185
1677
1977
8924
6032
213
6102
9942
1556
4803
2903
4905
6508
5870
1226
9313
7956
6817
5416
6914
1004
105
7077
3934
3429
2255
3178
940
4800
7594
134
5674
6020
3043
5655
592
7668
1946
2119
6364
5439
9327
1090
238
1731
3139
8490
9657
8148
3929
2322
8404
632
984
7144
4375
6133
6900
8731
8363
383
9928
3543
8982
1799
198
1431
9335
1013
9074
307
9699
8922
8106
3092
5358
4874
4455
8303
6199
8525
8568
4046
1663
3951
7393
4982
5676
8061
9546
4456
5332
5377
1248
2772
7629
6660
6475
7944
5980
8074
9125
2983
104
6670
9731
9504
6462
1018
8707
7717
9161
8308
8508
3451
1405
311
4372
8771
7507
3201
9539
396
8645
5191
2648
6954
9046
1069
879
256
775
9788
3549
4223
1082
4649
9932
6637
172
2666
8858
7494
1519
2382
6906
2184
5590
643
7893
4687
7952
7346
3280
2078
2309
9629
5804
2343
5677
142
9424
1638
5747
952
581
8023
3564
5553
3161
6250
4494
8879
6916
1196
857
9151
6461
9127
4714
1220
7914
8773
771
6895
704
8313
7103
3902
5592
1529
8668
9343
9117
2023
7277
3411
5645
6515
5889
3270
9964
1659
1725
9487
4875
9972
1291
665
5270
4077
5154
3832
428
4465
3807
4275
2751
5435
8275
5618
516
3541
7237
2122
768
6936
1865
4327
7445
6500
3281
8214
5737
1808
6539
666
8536
4555
5271
7304
9671
8774
253
3504
2708
4476
2735
657
4747
1863
6398
9600
4364
886
2129
5559
6513
1400
2703
7749
1498
6815
1465
1328
4436
4031
409
4701
2323
7726
6607
1060
2518
7005
8851
6833
4350
1591
3921
8471
7472
3216
9732
5039
8793
7505
7873
739
3312
1759
7627
1440
2329
7698
3480
5630
3540
7155
6951
4663
5467
5017
7118
3830
8240
6787
4057
9938
2249
4091
6840
7218
2550
2645
1975
2618
9716
3525
9978
8237
852
1419
4071
7977
2906
1412
957
4282
9549
6510
7053
8043
6867
745
1176
3957
6191
3496
7784
8050
9652
8168
6910
8695
7775
3413
2931
5057
1054
119
4463
1867
3500
6348
4210
4926
3720
2810
4237
4992
8486
5246
5139
3535
5916
8379
8036
6827
6175
8950
5249
4285
6414
9876
4048
3754
4334
9484
5065
1240
7425
3509
4927
355
4583
9893
789
3745
1774
7935
8070
2358
7871
4584
4963
6965
5173
8098
475
2756
4879
8548
3935
4995
1493
1683
1952
5257
1978
2224
596
1167
7069
6750
4552
6814
5631
7899
8459
2010
7688
5918
8462
8704
7703
2963
2823
554
5096
1052
9213
5382
9428
5653
5047
441
5150
2857
3003
3508
6431
8957
6885
5783
531
7587
7025
5280
8779
7999
2412
5115
6196
6311
4809
7978
9685
9669
6060
5801
9241
5822
6933
4814
6317
2794
4397
5373
4026
7361
995
5227
8989
4525
7375
5018
4953
5315
6217
1354
9760
4532
1168
2372
9471
2098
9762
259
2783
2285
2252
8243
880
8367
4218
7334
4645
1763
8064
1280
3038
2608
4860
3186
7213
3159
1513
678
2039
8352
9364
727
6776
1235
9608
8702
1796
7260
9155
1401
8395
6176
6550
7098
9492
9023
2487
1815
1508
5174
6884
572
2375
5357
3997
1233
1748
9720
5663
9896
9585
6904
8762
1436
897
2315
2867
8356
2947
2015
9000
4808
4872
2758
991
3588
7813
5471
1934
2137
5561
2075
5694
9808
7054
4314
1982
2978
3386
2360
2827
6389
9389
1930
6182
849
7265
1559
4835
6635
7682
2815
8458
3373
916
2638
4062
9186
147
2063
680
4197
321
6167
6231
3966
220
894
9635
6545
9047
7730
3333
5923
7034
882
4342
9156
7453
7243
9039
4726
4175
5849
4089
7258
4973
9926
8347
8729
3885
366
9090
4184
9543
8268
7091
3097
3173
3021
1874
6649
3991
4421
318
3078
1616
9759
8514
8331
6345
2421
1856
1357
4868
1295
4773
7571
7015
8429
6074
2185
4051
3437
7858
6809
901
4346
8139
5877
4588
3478
1684
6349
2046
282
1810
8041
9806
3301
7866
600
7324
9955
7761
5715
4458
8972
4439
8351
9823
4914
4029
255
7676
1092
4594
7968
6890
1296
8834
6542
1020
6603
7174
8528
8082
5310
8656
2721
4344
4230
3133
8480
8951
1868
5163
3766
6410
5369
7255
8839
9239
1674
9356
556
5153
1183
6059
6158
4980
2542
1691
8063
9108
1707
8849
5512
3548
1547
5703
2266
4131
1308
2131
6804
4709
4300
3022
3790
1342
6925
1304
3916
6448
1338
3696
5225
5145
5551
292
3138
3499
8649
7171
137
2907
2115
1307
5327
1695
6146
8966
7232
3603
8060
5772
8741
2561
5323
9071
7465
3986
1984
2640
5938
887
5479
1417
9320
3787
7421
9474
8785
1169
8734
9950
6888
8864
3988
9454
797
6959
6844
8775
2913
9976
3446
1533
8184
1534
6214
3941
1525
3416
4832
4276
3226
3412
6309
290
9391
274
1107
2770
330
1776
5041
7269
5600
7235
6785
7062
2566
4536
3124
9366
6915
8546
508
9300
7718
758
8511
7436
3571
1138
9346
5463
6189
1610
8337
9384
8067
2854
8422
7909
6190
2868
8958
5023
8870
2216
5276
6208
7205
8382
9138
6685
3042
5866
2900
6368
5392
4395
3345
8663
5405
121
3996
6503
1813
3245
6177
5885
9355
9368
3213
7479
1243
3857
2157
8795
2863
1981
4349
9891
7312
406
3431
4712
868
8921
2678
1081
3402
3871
2599
3779
2637
6211
1555
2565
2073
8703
3404
6183
1443
4822
6811
2662
2331
205
1178
8610
2028
6526
8681
9525
615
4786
6868
7755
3189
4102
9297
7252
8311
3151
8402
1453
2140
5809
9718
8940
7188
9398
8918
1468
4179
6464
9423
5893
6371
6413
8039
7710
478
1358
2798
9486
252
8777
8888
7459
7512
341
6661
6824
1114
4434
4309
3123
9680
8196
1743
5691
8489
3048
149
1076
1661
5777
161
4586
6436
2154
2862
2292
2579
915
8828
9840
6444
7706
3251
6836
3688
9472
7787
8381
8675
1557
7613
6181
3932
9027
4414
5019
9038
3782
810
9881
8766
9869
4713
155
1127
9277
7743
968
2719
6055
934
4017
1314
6714
4641
5016
7518
2885
8554
5109
8362
3395
7967
8678
463
5642
8042
8260
6598
6560
9210
4021
2040
3011
8199
3995
9314
7859
1945
8584
5232
1409
4310
1317
9692
7462
8531
3547
7798
1983
7427
484
6494
361
2278
7222
173
2363
788
6254
5509
3636
8685
5030
6425
7036
8058
3366
5478
7405
6049
7541
1775
9226
5157
9345
7208
4103
8857
9604
5272
9593
1985
8038
1738
1692
4134
9730
7604
8072
6412
6100
6512
2745
9557
937
357
8644
9681
7545
8245
6980
741
6707
6242
9370
6363
5378
9306
7328
8547
3117
3338
8577
2486
8512
5550
7096
7694
237
3407
1149
3643
8606
2398
8408
8270
7636
5568
958
4424
3840
7806
8444
3568
4599
718
9856
3767
6037
4667
6172
6823
7466
7281
353
1423
2347
346
3938
770
6677
4165
2170
1860
5370
108
9920
6156
4098
7845
6584
8492
5110
1232
7149
2505
2293
5948
8560
813
5890
5101
1053
9939
4753
5705
5477
6164
3380
4997
5780
9441
5731
1722
1193
4129
5503
7996
7254
8456
6445
6491
2605
5026
2508
8333
2402
9918
9312
2904
1113
7986
5617
2554
5574
3672
6891
2559
4013
3595
4780
8778
2058
6135
9755
1372
339
9626
8231
7973
3156
6036
548
8325
2932
7888
8641
2259
6644
1987
9962
1657
2166
5406
8119
7207
6617
6695
5632
8674
1850
9538
5054
5891
731
4273
5440
6207
6600
4042
2922
6882
5399
8269
3131
7616
135
1111
3694
3592
364
512
6318
1046
1530
5167
2541
3314
9420
883
4289
7229
5304
2504
6733
7084
3758
3350
3037
8758
1142
7527
435
5639
4045
3677
2237
2263
305
260
7178
9004
8847
2339
7708
8948
6609
3202
5733
9597
6035
1007
2830
3294
8109
3937
7686
1105
5484
3074
9390
8601
3184
3640
3786
2173
4582
7305
254
5757
762
6043
7559
3262
9625
5340
6173
8079
2177
1303
4260
6166
4616
5205
7917
4025
7691
3917
5758
4604
7367
3697
6148
283
4382
8977
5103
9937
7526
1151
8545
5060
9564
4631
701
5728
6632
3218
9573
5295
9970
8781
9317
1693
6209
7040
5841
6440
437
7861
2338
8871
267
8135
3162
7943
5847
3776
7211
906
4288
4894
1719
2619
8173
7863
5186
486
9711
7074
5445
9663
1438
7598
7391
8338
9609
725
6046
7126
6082
3486
1283
3956
9691
7357
9656
6003
3210
9667
7695
4733
5098
7530
4517
9267
8281
1880
9438
6064
4043
2261
5376
8835
3570
3357
4120
7783
4930
2643
8223
6747
3839
7452
663
4750
6174
9565
569
9562
570
4568
7880
3757
4648
8586
9286
2192
4880
8543
8174
8627
8541
1927
7446
3254
7175
3185
5168
5734
3644
7605
3257
6402
2275
3036
6150
5648
6793
3019
7657
5300
6495
7262
4368
1189
3293
6390
335
2934
8436
5540
4448
3128
4028
3322
436
8815
3578
7127
4500
8178
7656
1382
2112
6078
8383
4170
4105
2532
2473
3678
7335
4891
5515
6355
3183
6474
7648
1135
2239
143
651
1434
8730
9315
9495
4073
3924
443
7099
1376
9771
905
2573
500
2179
6273
2138
4193
1612
8499
3829
2036
567
6574
3624
9031
7955
1730
6143
1477
184
1206
9784
4554
7515
3931
3025
1973
5682
6243
349
1360
2701
1523
2919
7214
1037
4603
1208
5386
9165
9305
5059
4510
9299
8884
891
2711
4392
1649
1834
7021
7395
4079
8167
670
7585
6532
1123
4194
3542
217
4574
9180
1489
5623
9231
785
6452
2071
453
4035
8125
8124
1593
9002
1442
7684
2169
272
7027
1824
2110
2569
4521
2068
4307
1395
3220
2882
9141
1779
1411
8994
4836
642
2937
985
4680
9807
4785
8588
5140
8754
7791
6850
6257
9126
8476
705
4857
3464
2496
7336
8908
2746
3993
4932
9754
5867
3674
9322
1936
1656
2958
4235
4357
7437
6351
9886
7877
2946
1735
4326
2516
150
8218
9479
9889
7601
9207
4939
5487
2481
8600
760
4731
2411
4391
1201
3349
313
337
2444
3524
4781
1782
6700
9452
2203
249
4759
9218
1940
4845
9558
9865
5309
315
297
6263
3848
7135
1875
4523
8177
7492
160
1995
9502
4137
5397
2905
9868
1094
7350
7933
8083
7700
1542
2258
3631
6362
6328
9641
8256
6724
6553
9833
873
8552
3430
5258
2198
2342
6945
3584
965
2335
6344
9687
2851
9579
9780
4024
2818
4114
2521
4686
8830
8796
2244
3329
3229
2250
2029
6201
5068
798
941
1174
5372
6129
4976
9628
4399
1483
7584
2625
3813
903
9967
7800
8759
6567
4052
3171
1192
358
519
4782
8228
7808
302
2409
223
4540
203
9410
5263
1009
4921
8575
1451
4003
5832
145
1175
6767
6233
1132
5610
3180
5627
4445
3427
4511
5510
8003
9363
8463
6367
9129
8261
2731
8589
2232
7416
6572
3272
8087
3255
5262
7413
7645
6095
4518
317
4336
7045
1472
9632
2295
9256
3137
7580
7081
4869
3791
1234
2730
4379
180
8711
6783
3563
6690
9559
4830
4443
4441
3740
2234
4741
5336
2909
2596
9205
6029
371
5826
7396
7567
2142
3016
7907
5426
9793
3208
1575
5307
1334
3145
5606
1947
5423
6375
5216
188
8680
9849
7354
4503
4316
5489
494
7285
3389
579
4661
9469
5346
4447
6991
845
6886
9470
8522
280
2951
1115
6802
8294
9381
7722
4541
8221
6218
7259
3263
2341
7823
4101
6744
767
8596
5956
472
1881
400
5697
822
8708
479
5883
679
8044
9491
9864
4873
2132
4585
7976
4348
5348
455
7815
8411
5633
1516
2107
5133
5687
7826
8433
4685
3008
8939
9996
5854
8894
3920
1788
5242
7666
9852
8756
7024
7146
1597
7821
1744
3774
8562
1920
4158
4154
1279
1595
5003
9946
3970
5220
7049
7529
8068
9014
4653
6180
1625
8149
6229
2749
9837
9082
6008
6573
6984
5229
9878
4740
448
1603
4898
4770
2597
1158
800
5162
8012
3999
2265
1912
2781
6922
9634
235
9679
6432
7248
1933
709
3095
2952
8607
8602
1116
2768
4030
3027
8713
6967
1281
423
2911
9969
844
5214
7071
8299
8745
2654
1393
5456
5508
2512
5486
5156
2728
3458
5607
7481
1042
8889
8662
2881
3370
8636
710
7577
3979
9605
1274
3107
3617
9425
6103
6179
5943
5339
1420
848
6621
3147
9463
1173
6522
5720
1943
8500
7403
584
910
6721
5256
6083
799
5997
4324
2757
9109
5401
9824
3669
7544
3657
8855
1469
6646
7834
996
9054
555
3632
4147
8720
4863
1708
5558
5787
8709
6820
1202
1549
420
3406
5952
7852
6275
6471
7937
765
2507
4020
4703
3700
5546
9488
1014
7225
3756
2517
179
3239
7753
3231
690
6399
3339
4238
3340
4044
2837
5984
9574
6594
6578
5839
2109
7528
939
549
1665
3691
9058
6127
2581
6329
5052
368
564
162
4251
3847
7142
1997
440
8147
7610
9500
2921
1518
5384
9028
4233
1617
6825
2085
950
2961
3049
3199
7979
4735
1551
2494
2528
6971
4015
6456
1038
6168
774
9752
8733
8988
8465
4074
7296
6070
9522
7612
1979
9922
6909
9348
1125
9386
7183
9602
2134
8482
6832
1511
5189
2163
4817
7123
4242
4189
7380
1353
5848
6021
9296
3006
2247
8583
9554
447
997
5887
3922
5044
389
6659
3557
8371
3273
4527
6674
5434
7819
5779
3771
6110
5149
5983
1088
3258
4262
6725
7926
4214
5027
6629
6948
1883
9222
6580
4699
1538
539
7896
2269
6455
5761
3784
9196
6755
2727
1504
8935
1106
8744
3667
9524
4767
6332
2817
2861
5920
314
4725
6926
4807
4852
5926
3353
4117
9311
720
8122
1428
4330
3915
5124
805
6716
7573
7579
6165
9431
5562
397
817
7634
6810
4856
6151
3369
1778
4413
6681
9902
7553
414
1671
4107
8416
9749
485
9979
216
1614
8622
401
6149
2204
8453
7556
2118
8195
6307
9797
1229
4219
8542
6874
9333
2583
5981
5298
2090
6938
2417
5497
9133
1366
6543
9744
6170
8881
7131
8247
8850
3035
4906
7484
9077
1919
6197
2435
5088
4468
5785
3089
9255
5898
6366
482
7963
258
2780
1864
8797
5924
1257
668
4901
3041
1300
4126
7886
5391
7965
8853
3342
7197
527
2336
8852
1026
943
6691
3440
7401
5940
7739
9662
9607
623
2789
1766
9118
4255
6004
9923
9097
1757
457
2077
3299
2211
8120
7975
6144
5409
954
819
5947
4548
936
5698
3409
6928
2503
3308
2376
6818
4691
1601
7031
7908
3597
7464
6380
9665
8342
3751
7223
1882
2141
5817
8892
9897
4113
3492
9989
6808
7136
3785
2378
9866
3633
2658
2089
7108
4812
476
2826
3209
7870
4506
3474
6287
1908
561
9700
7228
9294
2663
3554
2842
473
3166
644
365
9399
7623
1031
6163
3101
647
7191
3739
3768
8176
5502
804
716
7311
9352
9373
7725
1491
504
3658
7766
4157
3781
1256
3363
8107
4363
3810
1515
1615
8334
8916
6683
4409
234
3164
9160
2248
4296
9301
9616
682
7960
9514
8975
2084
4080
6488
5646
3087
5778
7111
126
8155
1654
6315
9707
8538
2345
8693
6457
3256
1408
8639
3275
3523
2615
1458
7499
929
8424
3076
9958
1377
9588
1609
7853
1937
7220
4966
5151
5871
4665
8721
4550
110
1333
306
2714
6224
4748
2319
2066
4758
3930
5746
326
8315
9203
3879
7203
1021
7948
1394
520
300
5659
6712
9769
3060
6656
2223
7447
1909
9253
4351
9034
3399
7192
6729
834
7816
6053
9805
9362
2853
7104
3334
8090
2514
3463
5462
1790
2217
5556
7760
2143
202
1198
1878
7158
1999
3328
3323
1712
1388
5594
6092
8455
6137
4090
3096
4678
827
3091
744
6019
5465
2048
9053
9957
6987
1704
5824
2659
6860
1905
9921
8611
7272
4333
4249
7366
5701
2433
930
1157
8037
1155
2377
5580
8806
9606
6131
5688
1652
7592
3084
8712
8359
1596
4056
4590
4359
6577
4394
6947
602
8687
7774
2803
4058
6260
5989
6525
1017
7444
1817
9308
477
862
7701
2264
8843
9580
5534
9397
1764
1535
8631
6625
1476
9433
1802
7463
6816
8284
9832
4662
3616
2536
7483
1359
1818
9804
9660
8518
499
8128
851
8945
3860
2180
5759
4707
5129
2590
8373
9008
1554
3205
1200
5576
2434
8378
2320
8301
3660
3403
6272
1639
8608
5131
7912
5722
5608
3324
8872
9736
8971
5345
5672
6490
8821
2178
5797
9462
7046
7549
4936
757
1608
6423
8937
1514
9005
4306
7804
4141
8048
7047
7455
1823
3844
363
3102
4654
1445
8164
4911
2734
9642
7932
1437
3608
4339
613
2262
9800
6502
7162
2696
8292
1710
1074
622
9925
7141
3687
9059
279
4497
1733
7621
7595
2953
4693
5875
1150
6847
3067
2092
8936
6896
3750
8102
6298
616
2715
6582
7209
5978
1126
9959
1929
7945
6117
4928
5872
772
8179
8913
3277
1321
8035
2796
3093
2330
5095
8320
334
1461
654
6790
1015
535
6185
2405
9536
5544
1056
6453
5965
1309
588
974
2811
8162
4400
5605
5660
6139
4499
8454
1584
7913
8765
3722
981
2797
8992
9361
2389
4272
6964
5268
3467
6014
5784
9818
8439
4946
6481
7938
7179
8886
3656
3725
4967
2744
9997
6451
6999
3094
8923
4261
4054
1131
700
9661
4373
1187
9481
3439
5349
5468
3892
755
4460
113
4477
4507
3491
1723
8805
5992
6758
562
4578
6596
293
2889
5196
4367
4461
4592
9572
3410
5011
7133
4763
8553
4558
9229
5267
4312
5314
5914
9434
4597
841
4537
2286
3501
6473
263
1664
8833
2386
2765
6672
1565
7333
3434
2448
7557
8236
5880
8478
4533
3014
8274
6075
633
3359
1848
2752
6292
8203
5548
8224
9508
6704
2986
1579
1322
4192
7029
4754
8071
8716
3527
4591
2318
9767
8831
5591
5264
2992
9666
8217
6245
2128
6326
286
4696
8690
6118
5393
5637
621
2050
3441
7458
2458
6447
8650
6735
3909
6975
1429
3088
2660
6678
2395
9220
3010
2053
3709
5813
4010
5998
4559
7894
3665
2620
8651
1703
3978
9101
4301
7332
6458
2495
7387
169
8401
9232
2750
8032
9995
8772
218
5000
1924
1016
7667
2601
7709
4526
4485
983
5395
5090
6666
9941
854
9521
5563
3305
6300
5664
3397
1689
9415
5331
466
9968
4571
410
9848
8086
1922
9379
2939
4492
3387
9945
7110
9337
688
4173
2374
3033
8942
3391
695
2083
7326
6302
5667
2334
432
5967
5208
2739
5071
3291
7872
4842
6080
5884
7903
5635
2898
3326
3775
2551
8728
5963
2351
2712
8230
114
8414
7107
4684
5749
9802
4385
8692
1871
8620
3481
1826
296
1552
6919
1344
2869
2070
8746
7014
1742
7520
4724
9726
601
8358
2602
8045
3077
6624
9811
3382
4791
3531
6396
1265
1070
7443
4700
7542
4084
717
9168
2352
5053
4717
5908
6662
5117
6616
3866
5286
8470
5223
5518
2298
5278
5595
7106
1942
5424
9147
351
6094
6234
7522
1747
2927
6703
662
6338
2159
4902
4565
3148
6232
3761
8368
2287
4451
7711
3426
269
4266
7741
895
7920
6062
719
4745
5702
8891
7185
488
9855
5483
2489
9421
6837
9137
8399
2766
1207
6504
8229
8010
2612
9228
6496
9003
3612
8969
1560
2732
4066
8300
4671
6873
9334
7244
4790
5036
1050
4944
1745
4561
2288
585
9176
6713
4365
6589
332
6636
3714
6401
3928
4001
5279
8491
5678
776
7284
3850
2777
7315
5979
2707
8020
2294
6673
9975
4853
5611
697
8824
4694
7298
2688
4607
2553
5538
9789
4831
5371
4972
8848
5322
8474
1540
6069
3371
9110
9887
9378
5499
2888
3680
4983
4810
5830
4243
3652
8084
4989
4629
2400
5451
8467
4606
7355
195
8807
8419
5400
8205
1432
4159
4811
5626
7779
7058
9394
5760
2340
2800
5673
1374
2773
5853
6944
1195
7419
4108
6336
3289
5524
7729
790
9466
7000
4824
4411
9631
3438
7534
4370
2463
3354
7796
9040
1807
2509
5379
9654
6898
7752
3141
4482
8900
8253
1299
7289
3904
8026
4619
4241
6489
7137
8049
7742
6424
4220
4757
6478
843
999
8873
4942
8732
7533
9770
993
4246
1965
8822
2562
3634
7895
8227
740
2706
1611
2603
6544
4196
6520
3602
672
5699
1988
6805
9405
6822
8112
5136
9839
8364
1563
7400
9785
2256
9825
5201
3046
9393
3685
394
5316
2895
6304
6132
9518
517
8393
3104
8520
597
8494
4313
909
7958
4087
4095
5909
9838
4383
1569
5078
4381
8782
9724
7341
2716
431
3118
1011
8115
8252
6017
5421
8151
2493
925
2785
5537
7457
626
8903
1209
5652
969
6193
5709
8998
2035
6772
5344
4792
9157
1298
3347
1373
4572
3244
1941
8339
7805
1261
1640
3833
3503
1241
1706
1953
3384
4766
5586
3330
7618
5683
1655
6468
5448
8569
6343
3483
8570
175
2984
8251
6324
5443
5093
430
5641
5464
6701
1501
9776
2897
8194
127
7677
1316
4621
3732
9159
8683
9809
2501
7318
8250
9773
8488
9224
5389
4783
6034
7122
9764
4981
4755
1051
1340
5055
7510
4155
4650
5934
650
609
8435
9690
8262
652
3849
1728
6537
9551
8659
1302
1398
5277
9015
9417
2910
7519
2886
4004
1462
802
9934
5015
323
5092
7268
7992
9153
5888
5293
2225
9453
1117
7715
9688
6314
9281
1918
766
419
6978
3777
6865
1218
9845
7649
1121
6356
8452
2126
7905
9116
5937
764
6658
3318
3179
2540
795
977
4798
7511
1228
8304
8792
2970
9163
4161
1996
6575
3247
7716
4670
4032
7372
2845
6153
3219
9753
7061
5912
5494
7988
992
9131
5966
7551
971
7658
5629
9819
3799
4490
5356
2414
2680
4008
125
8551
4617
2527
6472
2176
543
2069
4843
4640
115
2607
7002
2233
6222
2172
6120
9883
6982
1238
4111
8172
1618
3013
1697
1568
4622
5490
1040
4706
1059
2226
6441
2392
243
1910
7532
863
8157
6306
8094
9041
9435
964
4569
3303
1481
3265
7079
4612
4920
8862
3327
2816
3946
1767
2499
2844
5328
5188
8030
8189
266
6742
1355
3309
483
2366
7280
5939
2355
177
8297
4730
3260
1495
8902
8526
2594
6911
3981
9610
7776
796
9265
5536
9900
1752
3456
4719
1921
3287
3442
8809
7974
2546
2647
4469
8421
5527
9068
6870
5218
7377
3747
7758
1761
5022
3392
4841
1237
2165
8997
2308
327
6437
7359
6842
4634
3853
8207
6319
2872
4751
3925
7152
1032
7750
6339
9419
2305
4366
9497
6042
1479
6557
842
9178
5261
3748
9859
9747
1590
4360
3105
8634
7276
7083
4487
7308
713
3268
9051
724
751
3670
2116
5968
200
4427
5935
783
3876
4542
2150
8185
530
9834
7619
6997
8156
9092
2948
210
523
2942
6940
1488
9402
4858
4867
3733
9401
6961
7343
9816
8747
6274
1627
8816
7264
3939
248
9208
106
3057
3473
1323
6956
5335
1842
9882
9874
6305
9951
4907
5212
9130
3975
2304
8624
324
5740
276
2279
3348
1619
7221
6812
6312
966
2914
922
2611
5473
4152
6579
7832
2121
6301
890
375
3655
9249
2875
4430
5735
4567
4060
4697
8249
5301
2272
2291
1024
8718
3627
9291
6381
2462
9965
7653
8513
6976
7882
2614
914
5539
6090
7406
1957
1144
9704
2136
6159
1916
9815
3332
3945
4299
6970
4681
1660
336
892
4947
5829
2041
4929
3972
6730
6027
2533
6687
5863
3125
2235
5390
6262
3498
9733
5137
9905
1441
6011
5172
3726
3177
9735
7661
2214
7440
9250
2371
1517
2282
4442
3772
2981
1108
4579
9234
5500
4889
593
6843
2296
3698
498
4328
6084
3513
4846
5988
5566
1339
4979
9354
7370
5531
9032
9179
8034
502
6527
542
786
1855
1002
831
6963
4284
7591
3158
1716
8717
342
4760
5640
6918
5187
7632
6256
5091
4352
8640
8533
1424
7548
1285
6111
2451
3743
4660
8077
8911
686
1539
1223
3792
7338
2325
446
1780
3248
2793
2139
9841
1008
9520
5658
5786
1242
8306
5717
1980
1213
9166
5069
6202
9599
1797
7811
9036
9243
5899
9371
4431
3192
9581
6736
7180
604
1182
3452
5716
9025
2419
7583
2222
8353
2427
875
4423
6686
2182
8384
7609
2469
1063
8527
6803
2082
1592
7404
8912
9377
4188
2822
4675
8959
2880
1531
2199
960
8868
9556
9029
4797
8246
8332
2332
6347
5565
196
6998
9408
1629
5526
8330
7145
9070
6045
5021
963
6877
229
140
8761
4637
823
6675
9350
9916
384
3769
7288
7669
7620
7078
748
4664
8791
124
8679
1294
7984
1109
4796
9080
9094
2030
8863
6622
8166
5058
399
8027
6517
4925
978
3805
5765
4164
1576
8277
4985
4890
1091
1259
9309
9385
4643
3246
518
183
784
4459
5403
4072
5815
4405
100
7704
8928
4039
5987
7227
9111
655
1737
6723
681
860
2460
4633
1605
5120
3290
6124
773
7422
1727
6421
6391
5235
4209
7825
5886
7911
7910
5856
4393
8878
9473
9933
2993
9009
5955
6465
7833
5265
8841
8280
5560
2152
5917
4386
7959
1509
5178
1521
8934
138
1635
2787
2407
5087
6267
3292
5070
3573
1104
7941
6330
637
9273
5662
2168
3914
1893
4109
9534
6025
4903
3679
284
462
2819
4897
2624
4787
2676
4788
9612
1080
392
7301
2277
4245
2437
7114
8485
7586
3901
9316
2996
186
7378
7028
2876
6892
659
1837
3802
5306
5338
8235
2577
2650
4866
7773
6663
3477
3241
9427
2792
4308
2413
7006
3460
9449
7850
7617
8170
610
4174
5869
7561
1100
5444
9561
2379
3511
9493
4429
9490
496
3472
2497
1186
6485
3063
1337
6206
6141
7342
7369
3615
8215
8882
6665
8890
7638
750
2257
4882
5767
4581
9167
4449
8580
5837
8432
5303
1098
4752
9271
1917
1956
5962
8051
8317
1204
1891
692
2242
7997
7687
1352
3388
832
6335
7467
1006
168
7831
7513
8697
3459
7490
4274
3618
5326
7733
3155
3365
2399
4267
1876
1522
4695
8345
2595
4450
4496
1143
7412
3518
5569
2111
6108
7678
4794
4023
3414
1383
2205
4479
5105
5138
2989
9885
8764
5437
7087
735
7294
2044
5604
8376
7759
9613
9007
4012
1770
7902
9369
6538
8509
9276
451
3893
2440
3224
9861
8612
6613
8719
608
1822
7795
8578
222
9799
8423
6210
9073
3919
5407
1380
574
3973
8867
2740
944
156
9062
919
4160
4881
3457
1884
3211
3971
7543
2158
8666
5206
1482
9326
2782
8632
8646
8336
6385
8318
1726
1083
354
6551
7916
2208
5204
7394
1648
8291
8628
2215
4577
1857
2008
5657
9485
1811
2477
1410
6759
5452
2002
1457
3708
830
6230
5868
2801
1137
912
250
8089
4818
1630
698
5831
4298
3695
8405
7386
1573
7287
3539
2791
1140
2628
4484
3150
9257
9283
9567
6570
8877
7257
8137
6593
9087
2892
8208
5774
3134
6953
2849
2519
9999
8535
8996
8949
9375
7713
4749
7862
6864
1072
9195
6404
6407
4642
5114
3521
9820
9360
2200
3127
7906
9478
7856
3948
1236
2824
5365
5930
5790
103
3512
1507
1783
7314
9298
5324
1736
2982
9022
1753
9237
3344
586
2682
8103
4355
3653
2588
945
5116
5460
2443
5879
975
4883
3574
9477
6358
6777
3485
1122
2570
2673
4265
7554
9050
3567
7189
6634
9107
4244
4943
2870
398
231
5241
9963
932
6514
8239
6541
2821
5222
7799
8244
1955
1028
5834
8114
8019
6626
3002
338
9757
1825
7756
2439
6313
2979
3742
6798
9016
5798
1699
3198
9835
5288
8722
9018
6764
7325
9971
347
2303
6258
8016
1976
3396
7683
3435
656
6266
6428
6293
4207
5836
9877
7011
1375
3317
6765
2312
7841
5549
207
1621
801
6821
1439
9451
7365
1925
3872
7076
7633
4389
5614
3058
8160
6223
2729
7966
2380
2866
1572
8204
927
4850
6549
4041
2183
8316
8714
781
4961
9044
6161
4900
7358
629
3062
3762
6411
3736
187
7426
2636
6310
9651
1877
7048
3242
687
5239
5111
5004
4840
4489
8670
2459
552
8100
3200
4099
372
9924
4509
123
3556
3376
1346
7875
7995
5207
6446
7763
737
537
2544
6908
6950
1075
4508
4948
990
308
6188
7337
5496
3172
6627
492
5654
777
7379
6415
980
8241
8633
3274
2454
6409
7536
738
5976
4002
6104
8605
4951
4305
5155
4991
3836
4320
5177
7100
546
5413
676
439
6228
7056
2408
603
190
3351
8158
6048
8767
8842
4208
1859
9387
2361
8740
5274
7699
808
9507
5076
9750
5554
699
6756
194
7003
2056
8573
4142
2916
7428
532
467
4078
5625
4259
6297
6303
5584
3050
6748
4627
7309
3190
3237
295
988
6786
4718
703
545
2390
4710
8111
6718
9791
5681
2485
7712
7496
7116
7009
2453
2144
3587
7385
5649
9065
5388
4736
4239
2274
5417
3146
8726
6694
8409
9017
8856
7581
5579
5811
3018
540
4539
9174
6720
721
5283
7552
5704
6442
9144
1571
1628
9383
2709
5927
6077
3730
5739
7140
1499
6388
8642
8116
4356
5585
1397
6897
7824
9282
7043
2917
7602
1854
1444
6107
5753
6277
1217
5732
733
8479
2175
5700
3212
174
3974
3648
251
3959
8760
9184
9169
2283
3278
9583
2067
3355
9903
7347
1820
2944
2617
9636
5422
9287
9746
287
6041
3100
6322
6789
4088
6952
3045
4596
9445
373
2102
553
4491
1714
8473
3918
8618
5973
9236
7891
6854
6993
5505
9765
5006
1959
9623
4428
2697
8647
4529
9772
729
9336
6482
182
3234
7664
3047
4264
9575
3744
9244
5063
6251
7166
1262
3693
1895
9871
6469
6902
3468
3717
5024
4799
6559
9630
7399
1844
7989
2997
9439
9057
9382
3783
6383
2201
1570
7132
5299
1666
8563
7168
5881
3475
8887
3580
2171
481
2884
878
6927
5361
6203
3286
2812
2556
6341
8630
4425
5175
5049
3408
1658
8506
6239
215
4294
2289
859
8865
9284
1264
7675
7044
5620
6937
7487
5752
6709
7900
7295
812
1832
4254
9872
5289
4774
2219
8738
3026
962
3012
2833
4708
8426
8818
5711
5385
8962
7555
8676
6505
8751
9357
4859
3755
8974
3259
7814
480
1292
8776
9033
856
658
1935
1527
3109
8266
3054
7508
7299
5665
9465
9341
411
3379
8763
230
9460
9096
9105
3360
806
5578
5002
2145
3071
6650
6958
3994
5411
4433
310
9517
8819
5062
289
9601
7951
2920
6835
5073
8840
7327
5028
6879
1112
4201
3560
8619
2655
1532
7310
9717
6760
558
9615
3856
4130
139
4006
7134
4625
8138
4702
4877
3059
493
953
8581
9026
1005
9468
1607
8961
8565
6930
2699
865
8696
8131
9358
4833
9418
1835
9359
2764
111
6099
576
1386
9215
7562
9842
3493
4560
536
6752
8798
6563
405
9947
1786
3170
8549
8391
7073
9721
3253
2891
8660
5726
8973
4669
967
1841
7430
4311
8597
4204
5135
2393
277
7643
4106
6285
2060
2353
3080
4777
1446
2538
9461
3072
3004
4467
5273
6631
1239
2099
7789
7409
4338
4595
4534
661
9987
5367
4415
3108
2156
9154
7278
1347
3683
6331
2807
7245
7794
2124
9139
6571
4776
6516
4916
4668
4871
8787
6116
8964
814
7057
1044
4110
8901
8736
5359
5806
9233
4771
8181
9998
3341
8844
8053
8672
8344
8017
4270
1391
2337
9948
3675
9120
728
3030
9146
3279
8018
3405
2918
9756
1543
8226
8190
4011
7740
2912
1215
7125
8550
6031
3367
3375
1019
4452
6377
2548
8159
2004
6738
7051
7170
6529
6581
5613
8145
7844
2299
3963
9310
1141
9658
7251
3119
5454
5143
8748
1528
1849
7665
8341
5572
6057
8289
649
1415
5482
285
6769
3015
3311
7316
979
4825
8504
8056
6528
9476
2403
4566
3606
1670
7843
1906
2164
7323
9106
1430
5492
5634
4723
5755
2127
2935
491
7547
7169
6187
7765
6878
6562
5020
8142
747
2725
1678
9668
1756
8694
5037
1696
7364
2547
1781
5957
1967
3894
226
8803
2974
5404
7206
9396
5835
4505
6957
973
6422
4093
9535
4269
5770
1073
2475
3436
5010
778
3215
4122
8947
7803
736
2020
4438
3823
6893
2713
2080
8739
8477
505
2965
9694
5951
4022
6586
7274
206
4231
8616
6237
7946
454
9177
4784
7376
9114
9325
7154
9931
2238
6569
9202
949
5126
369
2307
3538
5693
5775
7723
2221
9061
9693
3296
1990
4613
7939
9619
7812
1765
4984
1548
9134
1330
7273
3855
9342
5754
1574
1494
3801
303
2229
1755
8283
8750
8441
8321
9112
1970
2733
4716
5803
9895
5782
7303
4614
6264
288
132
2490
664
899
3482
9510
412
6875
6122
4819
7067
7904
244
5896
9584
8052
377
390
513
7330
1252
4343
6923
2418
5609
8007
7473
3470
6647
2479
6000
7030
3126
1349
1951
792
4354
7080
2467
1086
837
8896
5056
3705
348
2742
8427
4065
5134
4171
7931
319
3913
5514
1030
3661
1301
2072
8259
2188
4190
4893
8688
8088
8691
171
8216
3553
1313
7261
3789
9150
9682
4075
5447
3585
4470
9647
5450
2675
580
6986
3267
2930
5789
3191
9526
193
5430
948
5396
8931
416
268
5823
6067
4802
9592
2267
675
9414
2354
5297
2938
1148
3728
3831
5771
9860
1335
4677
9981
3765
7293
5474
3883
575
1027
3684
7637
4162
6648
1705
7156
6796
578
6334
9992
2350
4406
9582
2799
4121
6506
3029
2196
6715
3954
3942
8127
2968
6741
2691
7282
8836
4247
8213
8460
1095
6018
7660
7964
8521
4638
9706
5925
2468
8400
9259
5827
3306
1096
9503
8361
2381
1562
4504
5387
2326
2254
6548
4337
749
1055
8443
1485
3889
2814
3465
201
2191
986
8845
8293
7707
9777
6086
5525
4993
2572
8927
5209
5380
10000
6610
152
4420
1583
8407
456
4205
2657
6612
445
1001
628
5449
3313
5441
6851
7782
8999
7689
1866
9594
7224
9083
4909
7611
3746
4256
5107
7088
8188
3614
8369
8024
6943
3266
3187
5197
2096
7603
7630
3870
2416
6379
7569
9183
3269
5929
8126
378
379
7867
6499
7349
7408
1537
1700
5636
6555
5532
4957
4892
653
8859
3989
3910
5425
8276
6252
6374
3520
8171
529
1371
5710
1858
3099
3448
1389
4258
5152
3516
8206
239
5810
422
9650
2778
9437
3393
9873
7109
2187
2446
7954
6227
8885
2483
3867
8638
7442
6568
2825
3264
5738
7770
9822
7415
9436
6949
8348
3702
926
833
6007
271
1760
8101
4361
2368
2478
7004
1363
1734
5159
754
7113
1435
521
3659
8932
6284
6406
5383
1199
6291
3816
8475
7201
7331
6737
1379
1506
4998
9569
2589
824
6140
2571
3194
9796
982
9910
3955
376
6728
4488
167
6845
4153
3729
5961
8200
6871
8219
6638
2771
9643
9376
2387
6352
6996
9513
9304
1798
8329
7947
1602
3898
5260
7777
4913
8898
6883
7588
3759
2531
367
3261
8960
9269
6369
7389
1324
743
793
2369
9678
1751
7250
9722
8033
9949
2281
2653
612
2525
1872
4176
7854
9115
8069
6641
4146
3288
2260
2604
4933
7139
7889
2755
6290
4887
2212
6698
9578
920
7187
4666
5792
9400
2290
3804
1962
1452
9030
2034
8811
2971
1473
8723
2081
5040
2476
9353
2860
4513
2228
5048
2534
9737
853
7949
4128
9458
1427
4729
1960
7950
2438
122
5511
8143
3143
4632
9045
7173
7035
9280
427
6679
8838
3764
4549
5764
4263
2246
4876
3593
9618
4186
9409
1709
9906
8279
3647
8529
4956
1604
5313
4801
7887
7748
2017
7052
7919
2972
4775
8326
6565
6606
2492
8446
8484
5254
8701
7253
5601
9684
1673
2874
2088
7010
9927
7878
2220
5112
5776
3532
8789
7502
165
385
2021
881
2306
8370
8808
9982
1544
2718
3113
4181
816
5144
9527
7383
8117
9124
6215
8113
2155
3735
8349
8005
1492
4999
444
3506
6639
9512
9729
5459
6880
8699
4037
4199
6220
2162
3157
2686
525
8804
9803
270
3044
730
7489
6005
4454
6093
3390
6740
4829
6109
442
6774
3943
421
331
9689
6554
5180
3825
1899
9021
8990
9867
2563
2452
4123
8210
1675
4195
1911
4628
8192
1620
434
1466
2609
8582
7075
7439
5990
5074
6523
4908
7847
9857
2883
1948
8081
470
7868
8770
7066
5852
7038
4016
3526
3649
2445
1305
1904
6323
6977
3517
6784
8263
214
9779
1682
5094
362
387
4136
1039
782
157
722
9323
2314
7407
2365
5953
515
9566
1958
6426
8202
7164
5571
3040
4965
9880
8165
204
8590
3884
2474
3423
4018
3562
6030
464
4475
459
2896
8648
1247
1944
7599
9611
4605
4952
3528
867
9523
9907
6642
2101
3809
164
6066
4224
7448
752
6015
6849
7897
6028
4335
9576
1402
7441
495
7982
2552
9302
9245
9211
4283
1582
1890
5911
191
221
2276
1057
2321
1986
503
2632
159
2806
4795
5756
5269
4277
8743
1416
3699
5825
6869
9829
4884
5906
2890
8906
1293
1384
2391
3749
7751
4828
2420
9890
5794
9994
5575
189
2943
240
5224
6249
4779
5082
998
876
8132
7120
7615
5946
4715
2955
9295
7167
884
291
8472
6831
7414
8449
5907
4100
7063
9204
468
715
7321
3112
438
1103
4453
5125
5099
4593
6753
9185
3877
6561
2694
4280
522
8099
4211
8653
2925
7851
839
9328
3864
7732
3704
490
197
474
2962
9374
7693
7735
1033
6247
1454
7524
5312
7022
4546
4827
3555
8556
1156
2135
4172
6731
5932
7597
3073
5748
1642
7497
9260
6128
2037
9289
6463
1843
7226
2856
5166
6726
261
1130
9758
7828
7242
1297
1227
811
6033
6063
9701
8991
415
8288
7983
9011
6477
2456
8503
3940
6395
9577
4140
5446
1404
4806
6024
2630
3576
3686
5675
3838
8832
8451
9060
1203
9285
8161
9670
301
2598
5325
3985
5085
828
7898
3773
2999
328
7012
5364
1077
9648
8366
4610
8029
3706
3236
304
8438
5347
3826
711
8234
9066
4676
5233
6240
8661
7537
4987
6169
5029
9258
4340
6754
7679
9140
6281
9380
6614
2457
2966
557
9646
9870
2385
3153
6493
5910
6979
6125
2095
426
9913
1403
4994
1145
1853
4217
9686
2055
9944
8097
8186
928
1385
2873
8267
1931
2045
5959
7654
9821
8123
7454
9953
7124
5821
2672
2840
8823
4573
526
5954
7434
8544
1812
7546
6101
5165
1219
1288
7039
6121
4986
6373
8134
9480
8790
1961
3154
7781
2985
6022
1067
5221
6360
6087
1729
5195
433
4844
4512
7161
1623
9973
3086
7093
5969
1230
8442
2669
7160
2610
2704
4682
1769
1467
7204
4437
2461
4027
3020
3495
7233
2838
6773
3090
4945
3716
6935
9067
6552
2065
5374
4034
5234
2564
3283
1680
3075
566
9330
2349
6761
3160
6931
6501
6449
8860
7724
6068
2024
6047
8780
9072
9620
8091
3874
5696
3028
4252
3497
1161
5476
8613
3668
281
6706
606
2273
7810
4934
1633
2515
3415
1839
5360
6608
2762
4837
4849
2423
6640
7702
3051
2210
5033
6280
501
8014
4826
9912
6294
9209
2665
5185
1672
6684
3023
312
3798
3418
8579
6839
6782
1034
6905
7857
7639
8523
4287
591
8810
5213
1887
5123
7829
896
1471
131
9199
5506
2994
8273
8076
9715
8327
6241
5012
9055
5690
683
2802
5651
8837
1500
4646
2113
4163
2702
821
6126
4295
4119
5517
946
5844
4528
4104
8420
8385
6484
7200
497
4236
5248
9781
5718
511
3596
4636
7182
9496
1269
7572
2779
594
1093
9193
9175
5051
8141
4457
7652
8537
6261
178
9251
1750
6073
3965
9795
8390
1470
935
1963
9712
2774
3450
9099
6269
846
8392
3819
8483
3551
6903
6855
6384
2311
5170
3515
1345
2057
1869
8197
7987
4655
3032
3711
3718
3005
9993
1487
386
3692
4704
1496
6615
320
9596
2430
753
6097
2149
5100
8874
5351
9432
2646
8201
866
1606
8021
5769
7267
4553
1399
8357
2940
6372
589
5729
3822
2671
4630
779
2174
6476
5581
1589
6460
2864
5862
8967
9709
2348
3752
3598
4618
7263
9725
6990
9589
2737
7085
4990
9102
6265
3713
864
9940
2784
7514
1101
1210
9318
3385
7662
9751
3635
4115
1162
3083
9238
1153
9708
2879
583
8820
5695
3666
3854
6633
9919
7646
9516
7482
9766
9187
8930
7993
8457
3428
2394
1852
4221
7456
4182
5985
1762
8430
9553
8938
9189
6130
3320
7491
1253
5354
4019
2560
5859
3024
9242
2710
4139
6386
181
1561
6524
458
6058
7628
345
2687
756
6225
3701
8437
3394
6219
8963
7302
4658
8272
9540
9192
8946
1795
9089
3085
6346
9702
3377
1475
3243
6558
7626
8146
7199
9012
7363
4061
5318
4377
2683
6618
6088
6321
7398
3559
461
2051
8652
6671
5005
3707
9590
2236
4570
1637
5495
5161
7885
4291
9191
7523
350
5179
5773
2674
6988
3195
6781
4226
5281
6040
4216
6198
5363
560
3490
5412
9162
5931
1580
4169
4408
7767
4556
4743
8150
4092
8093
5072
2535
619
7962
8386
9349
1036
4096
7059
8403
6924
9483
8727
7165
1833
2775
7190
3552
2836
6479
407
4737
5408
9248
7565
5535
1545
9219
2001
6994
6044
1686
4611
4222
1455
2043
5102
8398
7972
8657
3983
176
4855
9644
403
7793
3605
1191
7754
2578
9329
1188
1211
5321
8800
2846
5084
987
4938
2726
4764
391
1702
1651
8004
7032
2356
1816
3565
2513
233
5247
8047
3803
5727
2753
1425
547
9787
6279
4609
8976
3903
7990
8986
8009
5414
5582
3861
5353
5128
9645
9170
2901
2621
5543
7923
6889
9172
9119
7827
449
9430
7382
7501
4589
1643
5788
1520
7429
6342
2667
9088
6154
5528
6147
8985
294
3546
3130
9710
528
3282
5507
8310
3681
6114
4063
3066
5472
3862
8323
1282
7128
8187
8497
9223
7606
9136
2103
6106
5453
6470
3398
4402
5521
3204
3650
1701
838
3249
2302
573
6857
587
7936
8993
8995
6521
7981
4133
1771
5529
4698
2973
1804
4519
2877
2967
9528
1260
9531
8978
4501
1588
7256
9331
9563
4286
1829
6917
9674
8305
3953
5061
9142
3484
2899
6972
2449
8220
9532
4332
3529
509
7614
128
6619
5971
5291
8567
5661
4253
6887
8658
2404
2723
9745
8813
6657
2685
3796
8322
1566
8682
192
3703
4620
4915
3235
9960
1631
3622
136
4746
7746
7092
4564
3641
5599
6081
4297
2586
5828
2928
4922
8954
9056
9810
1361
5840
6688
471
794
3238
7731
4149
4005
5415
8140
1078
8163
4878
8264
2100
6270
4864
4480
2769
8665
8257
6859
1847
7747
9221
8926
1447
2506
2106
8431
1331
3507
7737
265
9653
9275
7417
1553
7535
4789
1892
5334
2194
8566
2616
9122
5081
5470
6676
8609
9568
5628
1994
9217
9344
7764
2209
1367
5706
8735
6960
7838
9544
5751
7450
5552
9064
3797
4156
9489
2047
8380
9100
8540
5394
7275
9279
4384
4185
7575
1901
8314
7307
7129
6995
8233
2893
3724
3795
5900
9863
1613
7438
1255
1364
1830
1087
1585
9633
3169
9901
8095
6276
1732
3031
8375
5469
3176
3793
1800
5402
6829
4848
5228
8055
1422
4053
6692
4144
7423
1536
2297
7468
3081
5461
6152
5670
6370
8669
9570
3140
7317
7037
7352
3230
7498
3734
9422
8914
1022
4388
1838
8883
6770
3476
7105
4094
9929
8587
3421
8571
7371
1546
3737
8388
4202
6509
4580
3859
1315
2104
7420
236