27701
 25606
 39509
 39612
 43561
 43067
 8330
 601
 39297
 29925
 35570
 20391
 9060
 22932
 29678
 13994
 43331
 3815
 15086
 10342
 14590
 31951
 12026
 32112
 17726
 5238
 29510
 11538
 2351
 41198
 44836
 10059
 43487
 35873
 12643
 4542
 18916
 37956
 16071
 18976
 17185
 33298
 39818
 24749
 39266
 24497
 32462
 4073
 44651
 16285
 5752
 26730
 48675
 45614
 9605
 15652
 26187
 47398
 638
 2629
 13421
 14894
 37559
 6630
 37880
 49337
 23172
 25549
 17729
 15123
 5783
 41207
 38366
 37328
 28824
 26790
 37932
 11088
 36903
 8919
 36071
 3439
 13958
 43673
 12144
 8074
 22634
 16345
 32333
 35124
 131
 28017
 10603
 7045
 44201
 5190
 37608
 21314
 22143
 40909